"e3mg" <-
structure(c(0.04, 0.05, 0.02, -0.12, 0.01, 0.15, 0.05, -0.08, 
-0.08, 0, -0.04, -0.03, 0.11, -0.1, 0.08, -0.05, 0.09, 0.22, 
-0.04, -0.09, -0.07, -0.06, -0.1, -0.03, 0.03, -0.06, -0.15, 
-0.07, 0.11, 0.03, 0.01, -0.02, 0.12, 0.08, 0.04, 0.02, 0.01, 
0.02, -0.02, 0.07, 0.04, -0.01, -0.16, 0, 0.08, -0.04, 0.07, 
-0.16, -0.09, -0.1, 0, 0.03, 0.04, 0.12, -0.1, -0.14, -0.07, 
-0.18, -0.05, -0.08, 0.1, 0.09, -0.08, -0.07, -0.06, -0.13, 0, 
-0.05, -0.07, 0.09, -0.03, 0.05, -0.08, -0.19, -0.04, 0.1, 0.02, 
0.06, -0.08, -0.06, 0.02, 0.06, 0, 0.19, -0.01, 0.17, 0.04, 0.08, 
-0.08, -0.18, 0.1, -0.09, -0.21, 0.03, -0.05, -0.09, 0.06, 0.04, 
0.02, 0.15, -0.03, -0.09, -0.09, -0.2, -0.07, -0.16, -0.13, 0.02, 
-0.03, -0.12, 0.13, -0.01, 0.12, -0.04, -0.01, 0.04, 0.02, 0.15, 
0.04, 0.1, 0.08, 0.03, -0.16, 0.13, -0.12, 0.01, -0.04, 0.08, 
0.01, 0.04, 0.01, -0.01, -0.03, 0.08, -0.02, -0.03, -0.21, 0.06, 
0.11, 0.06, 0.04, 0.1, 0.02, 0.05, 0.04, -0.07, -0.05, 0.08, 
0.15, -0.16, -0.1, 0.12, 0.06, 0, -0.16, -0.02, -0.06, 0.15, 
0.12, -0.06, 0.1, 0.08, -0.11, -0.01, 0.05, 0.03, -0.14, 0.07, 
-0.15, 0.02, 0.07, 0.02, -0.01, 0.01, 0.02, 0.14, -0.26, -0.01, 
0.01, 0.09, -0.08, 0.05, -0.01, 0.1, -0.19, 0.07, 0.05, -0.08, 
-0.05, -0.02, -0.07, 0, -0.06, 0.07, 0.02, -0.11, 0.1, -0.15, 
-0.05, -0.17, 0, 0.04, -0.23, 0, 0.16, 0.11, -0.12, -0.02, -0.07, 
-0.03, -0.27, 0.03, 0.07, -0.09, 0.13, 0.04, 0, -0.11, -0.1, 
0.21, -0.22, 0.03, 0.16, 0.09, -0.08, 0.03, -0.1, 0.1, -0.01, 
-0.07, -0.16, 0.15, 0.2, 0.01, 0, -0.06, -0.1, 0.1, -0.15, -0.1, 
0.15, -0.01, 0.04, -0.01, 0.1, 0.02, -0.04, -0.04, 0.06, -0.07, 
-0.03, 0.01, 0, -0.11, -0.12, 0.01, -0.03, 0.12, -0.07, -0.04, 
-0.17, -0.21, 0.01, -0.05, -0.01, 0.08, -0.05, 0.11, 0.12, 0.01, 
-0.04, 0, 0.08, -0.05, 0.08, 0, -0.13, -0.09, -0.2, 0.01, 0, 
-0.11, 0.08, 0.04, -0.08, -0.11, -0.07, -0.04, 0.06, -0.04, -0.06, 
-0.01, 0.21, 0.09, -0.03, -0.01, 0.01, 0.07, 0.18, -0.05, -0.18, 
0.09, -0.15, -0.15, 0, 0.02, -0.06, -0.15, -0.05, 0.03, -0.11, 
-0.06, 0.13, -0.1, -0.14, 0.07, -0.02, -0.05, 0.05, 0.06, -0.1, 
0.08, 0.11, 0.16, -0.09, -0.02, 0.03, 0.08, 0.02, 0.14, -0.11, 
0.07, -0.09, -0.05, 0.02, -0.16, 0.07, -0.04, 0.01, 0.01, -0.23, 
-0.05, 0.04, 0.18, 0.04, 0.09, 0.07, 0.09, 0.07, -0.06, -0.05, 
-0.13, 0.12, 0.12, -0.03, 0.01, 0.12, 0.12, 0.07, 0.03, 0.1, 
-0.06, -0.08, 0.04, 0.09, -0.18, -0.03, -0.1, -0.05, 0.09, 0.17, 
0, -0.01, -0.01, -0.07, -0.09, -0.09, -0.16, 0.1, -0.13, 0.07, 
-0.07, 0.18, -0.13, -0.13, 0.02, 0.1, 0, 0, 0.04, -0.01, 0, -0.02, 
0.12, 0, 0.11, -0.1, 0.08, 0.14, -0.07, -0.1, 0.1, 0.08, -0.23, 
-0.04, -0.24, 0.12, 0.07, 0.14, -0.06, -0.05, 0, -0.09, -0.09, 
-0.13, -0.09, -0.14, 0.07, 0.15, 0.04, -0.03, -0.1, -0.01, 0.11, 
0.01, -0.02, -0.06, -0.16, 0.06, 0.02, -0.01, -0.09, 0.08, -0.01, 
-0.06, -0.02, -0.04, -0.01, 0.04, -0.08, -0.07, -0.03, -0.05, 
0.06, 0.14, -0.07, -0.03, -0.04, -0.13, 0, 0.08, 0.02, -0.04, 
-0.09, 0.07, -0.05, -0.14, -0.06, 0.06, 0.09, -0.02, -0.03, 0.06, 
0.08, 0.14, -0.11, 0.02, -0.12, -0.11, -0.01, 0.14, -0.07, 0.01, 
0.06, -0.02, 0.16, -0.03, 0.04, 0.14, 0.17, -0.08, 0.08, -0.03, 
0.1, 0.1, 0.04, -0.07, 0.03, 0.04, 0.19, 0.1, 0.08, -0.01, -0.01, 
-0.15, 0.02, -0.04, -0.15, -0.16, -0.04, 0.05, -0.04, -0.01, 
-0.24, 0.11, 0.1, -0.02, 0.04, -0.29, 0.02, 0.05, 0.02, 0.19, 
-0.07, 0.07, -0.07, -0.04, 0.05, 0, 0.14, 0, 0.08, -0.1, -0.04, 
-0.07, -0.07, -0.11, 0.02, -0.02, 0.1, 0, 0.05, 0, 0, 0.2, 0.06, 
-0.01, 0.01, 0.05, -0.06, 0.1, -0.2, 0.12, -0.15, -0.01, -0.02, 
0.19, -0.04, 0.01, 0.14, -0.02, 0.16, 0.04, 0.07, -0.04, -0.09, 
-0.09, -0.26, 0.12, -0.12, -0.07, 0.11, -0.04, 0.02, 0.02, -0.13, 
0.1, 0.03, -0.03, 0.04, -0.05, -0.13, 0.09, 0.04, -0.09, -0.13, 
-0.03, 0.01, 0, -0.05, 0.03, -0.13, -0.09, 0.08, 0.01, -0.01, 
0.08, -0.11, 0.05, -0.14, 0.01, 0.11, -0.08, 0.08, -0.02, -0.07, 
0.02, 0.13, -0.06, -0.26, 0.02, 0.16, 0.13, 0.06, 0.04, 0.12, 
0.13, -0.16, -0.11, 0.06, -0.02, -0.04, 0, -0.05, -0.04, 0.11, 
-0.02, -0.04, -0.06, -0.05, 0.03, 0.05, 0.09, 0.12, -0.09, 0.06, 
0.04, -0.06, -0.03, -0.05, 0.12, 0.01, 0.06, 0.05, -0.01, -0.16, 
0.1, -0.16, 0.05, -0.01, -0.19, -0.06, 0.04, -0.19, 0.06, -0.07, 
-0.04, -0.01, 0.14, 0.04, -0.25, 0, 0.01, 0.02, -0.28, -0.05, 
0.14, 0, 0.01, -0.16, -0.16, 0.03, -0.06, -0.07, -0.05, 0.03, 
0.08, 0.01, -0.01, 0.02, 0.14, -0.01, -0.05, 0.17, -0.13, 0.02, 
0.1, 0.08, 0.09, -0.05, -0.16, -0.01, 0.04, -0.1, 0.04, -0.02, 
-0.05, -0.18, -0.1, 0.03, 0.13, 0.03, 0.08, 0.13, -0.03, 0.04, 
-0.09, 0.04, 0.04, 0.03, -0.05, -0.11, 0.01, 0.06, -0.06, -0.12, 
-0.07, -0.06, -0.02, 0.05, -0.02, 0.01, -0.03, 0.18, -0.01, 0.04, 
-0.06, -0.17, -0.1, 0.12, -0.04, -0.01, -0.05, -0.02, -0.05, 
-0.05, 0, 0.08, 0.07, -0.14, -0.03, 0.17, 0.04, 0.02, -0.14, 
0.12, 0.14, 0.05, 0.11, -0.03, -0.01, -0.07, -0.02, 0.09, -0.08, 
0.09, 0.04, -0.07, 0.01, 0.01, 0.03, 0.09, -0.01, 0.07, -0.06, 
0.1, 0.02, -0.08, -0.16, 0.11, -0.03, -0.15, -0.03, 0.08, -0.03, 
-0.08, 0.06, 0.03, 0.01, 0.04, -0.13, -0.07, -0.11, -0.05, 0.06, 
-0.04, -0.03, -0.01, -0.01, -0.05, 0.04, 0.09, 0.02, -0.08, -0.06, 
0.04, 0, 0.03, 0.05, -0.08, 0.05, -0.09, -0.01, -0.03, -0.06, 
0.04, 0.07, 0.04, 0.22, -0.11, -0.04, 0.16, -0.02, 0.02, 0.04, 
0.12, 0, 0, -0.03, -0.04, 0.05, 0.03, 0, -0.04, 0.05, -0.13, 
0.1, -0.04, -0.12, 0.03, -0.11, 0.01, 0.04, -0.05, -0.01, -0.09, 
0.08, 0.1, -0.02, -0.15, -0.05, -0.1, -0.1, 0.09, -0.15, 0.02, 
0.03, -0.12, -0.15, 0.14, 0.03, 0.05, 0, -0.05, 0, 0.05, -0.08, 
-0.16, -0.08, 0.07, 0.06, 0.05, 0.2, 0.11, -0.1, -0.08, 0.03, 
0.05, -0.18, 0.14, 0.1, -0.06, 0.14, 0.07, 0.16, -0.01, -0.05, 
-0.02, -0.07, 0.03, 0, 0.1, 0.11, 0.03, 0, 0.03, -0.03, -0.12, 
0.06, 0.07, 0.02, -0.12, -0.19, 0.06, -0.09, -0.12, 0.06, 0.05, 
0.12, -0.12, 0.05, 0.07, -0.08, 0.07, -0.06, -0.13, -0.13, -0.03, 
-0.05, 0.13, -0.09, -0.11, -0.14, 0.11, 0.15, 0.15, -0.02, 0.08, 
0.12, 0.2, -0.02, -0.01, -0.05, -0.08, -0.09, -0.02, 0.05, -0.07, 
0.04, -0.11, 0.02, 0.07, 0.13, 0, 0.19, -0.02, -0.16, -0.12, 
-0.1, -0.06, -0.03, 0.09, 0.15, -0.22, 0.21, -0.08, 0.19, 0.29, 
-0.18, -0.15, -0.12, 0.08, 0.12, 0.07, -0.05, -0.01, -0.04, 0, 
0, -0.03, 0, 0.05, 0.1, 0.17, 0.08, -0.14, -0.02, 0.14, -0.04, 
-0.13, -0.03, -0.21, 0.01, 0.19, 0.15, 0.06, 0.08, 0.02, -0.02, 
0.21, 0.03, 0.07, -0.01, 0.02, 0.03, 0.04, 0.06, 0.04, -0.18, 
0.06, -0.04, -0.18, 0, -0.04, 0.01, 0.01, 0.23, 0.17, -0.08, 
-0.02, 0.12, -0.16, -0.04, -0.09, -0.19, -0.01, 0.05, 0.09, -0.04, 
-0.16, 0.13, -0.05, -0.11, 0.06, -0.06, -0.03, -0.08, 0.12, -0.13, 
-0.06, -0.26, 0.14, -0.07, 0.04, -0.04, -0.09, -0.13, 0.05, 0.15, 
0, 0, 0.21, 0.02, 0.1, -0.2, -0.02, 0.05, -0.1, -0.08, -0.09, 
-0.07, 0.12, 0.04, -0.18, 0.06, -0.09, -0.02, 0.01, 0.23, 0.1, 
0.07, 0, -0.04, -0.17, 0.01, 0.07, -0.07, 0, 0.01, 0.14, -0.04, 
-0.03, -0.02, -0.09, 0.07, -0.17, -0.1, -0.18, -0.09, -0.07, 
0.02, -0.11, -0.16, -0.06, -0.33, 0.05, 0.13, -0.12, 0.08, 0.07, 
0.17, 0.05, -0.03, -0.03, 0, -0.05, 0.06, 0.13, -0.03, 0.04, 
-0.09, -0.19, -0.06, -0.05, -0.09, -0.04, -0.06, -0.08, 0.04, 
-0.09, 0.19, -0.04, -0.24, 0.1, 0.02, -0.28, -0.01, 0.05, -0.09, 
0.08, -0.09, 0.12, -0.07, 0.2, 0.1, 0.07, 0.13, -0.06, -0.16, 
0.12, -0.08, -0.08, 0.05, 0.04, -0.12, -0.07, 0.11, 0.08, -0.05, 
0, -0.12, -0.13, -0.07, 0.11, 0, -0.09, -0.02, -0.03, 0.11, -0.22, 
0.03, -0.01, -0.03, -0.09, -0.28, -0.02, -0.05, 0.21, -0.05, 
0.08, 0.09, 0.04, -0.04, 0.11, 0.07, -0.11, 0.09, 0.1, 0, 0.09, 
-0.09, 0.18, -0.07, 0.09, -0.2, -0.09, -0.06, -0.02, -0.14, 0.03, 
0.1, -0.24, -0.05, -0.12, 0.14, 0.11, -0.12, 0.06, 0.07, -0.02, 
-0.23, 0.15, 0.04, -0.04, -0.01, 0.01, 0.22, -0.06, -0.14, -0.02, 
-0.08, 0.01, 0.03, -0.01, -0.02, 0.24, 0, 0.04, 0.04, -0.06, 
0.13, -0.06, -0.09, 0.1, -0.1, 0.07, 0.03, 0.05, 0.12, -0.01, 
0.14, -0.22, 0.05, -0.01, -0.07, -0.04, 0.02, 0.08, 0.07, 0.17, 
-0.18, -0.15, 0.02, -0.02, -0.1, 0.14, -0.11, -0.01, 0, -0.09, 
0.08, -0.13, -0.07, -0.04, -0.09, -0.09, -0.09, 0.08, 0.06, -0.02, 
-0.04, -0.02, 0.05, 0.05, -0.03, 0, -0.01, 0.01, -0.28, -0.13, 
